[[44, 381],[39, 215],[45, 157],[81, 96],[136, 60],[244, 31],[341, 27],[405, 30],[454, 55],[524, 87],[553, 123],[566, 160],[567, 212],[571, 252],[587, 260],[639, 255],[650, 213],[653, 102],[675, 60],[758, 40],[885, 34],[1024, 47],[1095, 68],[1156, 117],[1176, 185],[1186, 323],[1168, 356],[1095, 396],[1012, 417],[933, 437],[869, 450],[869, 489],[928, 515],[1056, 569],[1115, 606],[1115, 669],[1104, 739],[1036, 793],[916, 795],[774, 786],[569, 783],[431, 794],[377, 777],[365, 695],[364, 641],[360, 555],[333, 520],[216, 493],[123, 497],[37, 474],[45, 379]]
[[216, 301],[211, 205],[228, 187],[256, 175],[311, 180],[368, 181],[388, 187],[393, 210],[415, 251],[427, 286],[437, 311],[472, 352],[508, 386],[599, 388],[666, 385],[687, 350],[712, 306],[731, 273],[756, 231],[794, 196],[857, 192],[887, 185],[956, 197],[973, 205],[990, 218],[980, 235],[962, 256],[908, 266],[846, 291],[793, 306],[777, 346],[747, 380],[725, 406],[719, 438],[709, 484],[725, 511],[769, 561],[799, 576],[830, 607],[854, 627],[858, 650],[819, 665],[760, 657],[728, 660],[621, 670],[564, 668],[536, 611],[521, 537],[522, 501],[524, 458],[513, 433],[471, 413],[384, 402],[324, 390],[261, 375],[240, 344],[218, 301]]
[[339, 196],[350, 8]]
[[419, 329],[602, 206]]
[[759, 278],[623, 186]]
[[946, 214],[991, 32]]
[[860, 282],[995, 455]]
[[768, 589],[944, 495]]
[[789, 632],[784, 789]]
[[556, 613],[297, 641]]
[[287, 539],[315, 370]]
[[234, 262],[17, 246]]
